113 116 50 43 19 116 119 68 43 14 102 106 94 33 14 0
108 110 117 44 19 119 111 67 44 12 116 110 109 34 14 0
115 102 66 45 15 117 112 109 45 11 103 117 88 35 10 0
114 103 70 46 19 115 108 129 46 15 106 107 123 36 10 0
103 106 108 47 16 109 100 104 47 17 107 101 51 37 19 0
115 104 127 48 18 105 103 127 48 10 114 119 112 38 12 0
100 107 66 49 10 118 116 116 49 14 116 119 116 39 20 0
107 110 125 50 20 117 107 125 50 12 101 113 57 40 13 0
105 116 111 51 18 119 100 72 51 18 117 113 75 41 10 0
109 111 80 52 19 120 117 62 52 18 104 110 88 42 16 0
116 113 60 53 20 103 107 86 53 13 100 113 81 43 10 0
104 110 54 54 12 103 115 79 54 15 118 114 100 44 19 0
107 101 60 55 15 101 104 129 55 16 100 111 92 45 17 0
103 112 125 56 20 115 100 108 56 18 104 110 115 46 16 0
112 113 56 57 14 101 112 61 57 20 115 100 128 47 18 0
103 114 88 58 18 100 112 89 58 14 110 101 130 48 13 0
114 102 116 59 13 120 104 59 59 15 101 115 63 49 17 0
103 101 64 60 12 102 101 80 60 15 118 108 122 50 17 0
106 106 82 61 12 117 120 51 61 10 120 105 63 51 14 0
113 118 128 62 19 117 112 66 62 12 120 119 69 52 11 0
119 117 119 63 13 119 115 52 63 12 118 109 45 53 17 0
103 106 125 64 13 105 119 68 64 20 102 103 124 54 15 0
115 107 74 65 18 100 118 73 65 18 101 105 118 55 13 0
116 105 118 66 18 120 107 90 66 18 115 116 101 56 10 0
118 100 68 67 12 107 119 79 67 13 102 103 117 57 19 0
102 116 96 68 13 104 108 58 68 18 101 114 58 58 14 0
110 101 125 69 13 114 113 73 69 19 119 110 87 59 20 0
118 115 125 70 17 115 106 94 70 16 109 100 114 60 18 0
106 103 85 71 13 118 109 129 71 20 111 107 127 61 19 0
112 106 119 72 17 107 104 130 72 13 114 119 121 62 17 0
115 112 60 73 20 101 104 101 73 17 100 120 118 63 11 0
119 107 90 74 11 109 116 49 74 19 115 118 122 64 13 0
106 108 91 75 15 118 120 83 75 10 107 105 129 65 14 0
102 100 48 76 13 112 105 56 76 19 116 105 85 66 11 0
100 103 114 77 20 105 105 106 77 19 113 105 111 67 20 0
102 106 128 78 10 114 102 61 78 19 116 114 104 68 12 0
112 106 50 79 11 116 109 128 79 14 120 110 98 69 19 0
102 102 112 80 18 118 112 62 80 14 109 109 114 70 17 0
108 109 47 81 15 115 111 61 81 12 104 120 114 71 20 0
107 103 99 82 18 115 106 128 82 13 105 109 52 72 14 0
104 104 88 83 10 109 100 65 83 12 104 108 112 73 16 0
101 114 76 84 19 119 113 103 84 16 111 109 67 74 14 0
103 120 62 85 18 113 103 107 85 19 113 116 46 75 15 0
112 115 125 86 12 102 104 76 86 13 118 108 49 76 19 0
104 118 96 87 15 109 111 79 87 15 101 107 99 77 12 0
113 112 62 88 19 109 112 130 88 17 104 111 102 78 17 0
108 100 70 89 16 104 106 127 89 12 112 106 69 79 10 0
119 109 81 90 13 110 100 125 90 15 112 117 82 80 20 0
114 118 67 91 19 106 113 66 91 10 100 109 51 81 20 0
113 100 95 92 15 101 106 59 92 17 102 112 92 82 15 0
119 106 68 93 17 101 112 125 93 14 106 112 112 83 15 0
120 118 116 94 15 119 101 72 94 15 113 102 72 84 19 0
116 113 54 95 12 101 100 67 95 14 119 110 86 85 19 0
114 108 60 96 13 107 108 99 96 18 106 110 93 86 20 0
117 120 95 97 15 102 118 121 97 10 111 118 104 87 10 0
114 107 66 98 11 112 108 105 98 15 118 111 82 88 13 0
105 118 93 99 14 101 106 79 99 18 107 117 80 89 11 0
103 116 91 100 11 104 110 130 100 11 114 100 82 90 16 0
103 100 76 101 15 104 107 80 101 16 118 113 103 91 15 0
117 109 112 102 14 117 108 88 102 14 118 106 68 92 14 0
105 115 90 103 14 103 118 60 103 14 116 111 85 93 16 0
117 100 52 104 17 107 119 120 104 20 113 101 125 94 11 0
108 102 65 105 18 101 105 87 105 10 101 109 119 95 19 0
120 105 52 106 20 113 115 76 106 18 100 112 122 96 14 0
113 120 112 107 16 116 109 47 107 14 112 102 120 97 17 0
116 105 119 108 13 112 101 91 108 17 108 108 118 98 16 0
102 104 110 109 16 105 112 86 109 10 112 104 93 99 19 0
119 110 57 110 13 100 114 88 110 12 100 120 97 100 10 0
115 100 72 111 11 119 118 73 111 20 113 115 101 101 17 0
120 120 71 112 17 118 113 123 112 12 116 113 103 102 11 0
106 108 84 113 14 119 112 110 113 20 112 114 46 103 20 0
111 116 65 114 11 103 111 68 114 11 101 104 106 104 13 0
109 113 101 115 13 113 112 100 115 20 108 113 110 105 15 0
117 113 69 116 19 107 119 83 116 17 115 106 66 106 13 0
110 102 55 117 14 104 119 101 117 19 113 113 47 107 19 0
113 116 83 118 12 117 115 46 118 16 119 110 97 108 11 0
112 110 73 119 20 108 118 114 119 12 112 103 81 109 16 0
104 102 112 120 15 109 106 45 120 15 117 116 128 110 10 0
100 111 56 121 10 108 100 81 121 15 113 118 82 111 20 0
104 115 99 122 20 101 103 116 122 19 114 103 57 112 17 0
111 111 87 123 11 100 117 77 123 14 108 101 69 113 12 0
118 103 82 124 14 108 102 88 124 19 112 120 57 114 16 0
112 113 96 125 13 119 110 82 125 18 102 117 98 115 20 0
119 100 112 126 16 106 108 123 126 16 113 108 130 116 12 0
101 106 118 127 20 110 110 76 127 17 120 106 100 117 18 0
117 120 69 128 11 101 101 62 128 13 101 100 121 118 14 0
107 105 124 129 11 100 116 88 129 19 106 102 45 119 19 0
111 117 80 130 15 118 113 48 130 20 111 100 105 120 16 0
102 105 115 131 20 100 115 102 131 10 118 111 61 121 11 0
107 107 75 132 19 118 101 58 132 17 111 107 107 122 10 0
109 116 90 133 16 102 103 69 133 13 112 107 67 123 16 0
111 117 50 134 11 111 101 94 134 14 102 102 95 124 12 0
114 118 115 135 17 117 108 69 135 14 101 119 119 125 14 0
120 108 116 136 11 104 117 67 136 20 106 107 102 126 10 0
105 113 95 137 20 107 115 123 137 16 119 113 66 127 13 0
112 120 111 138 11 101 105 95 138 18 109 108 110 128 11 0
100 118 110 139 19 110 109 87 139 18 118 111 45 129 19 0
113 115 110 140 11 119 105 108 140 13 113 104 74 130 20 0
111 108 56 141 11 104 118 79 141 10 100 103 78 131 14 0
114 101 80 142 11 115 115 94 142 20 117 103 78 132 12 0
107 117 46 143 14 107 113 74 143 19 108 112 102 133 17 0
120 112 58 144 20 120 116 61 144 11 116 115 106 134 20 0
120 105 58 145 18 110 113 47 145 10 112 106 105 135 20 0
112 117 59 146 18 114 112 123 146 15 114 101 68 136 12 0
100 119 79 147 14 106 114 83 147 14 113 106 100 137 16 0
106 110 106 148 13 107 120 45 148 20 114 106 85 138 10 0
109 107 118 149 15 101 100 88 149 18 109 108 69 139 18 0
115 119 128 150 10 118 103 103 150 16 120 103 124 140 14 0
119 116 63 151 19 106 109 125 151 11 100 100 125 141 14 0
119 103 74 152 12 114 105 86 152 18 116 117 109 142 20 0
111 116 104 153 18 108 113 87 153 11 102 118 119 143 15 0
103 117 122 154 20 109 114 73 154 18 103 106 53 144 11 0
109 120 59 155 16 115 114 104 155 20 101 108 56 145 13 0
101 114 127 156 18 109 110 73 156 13 118 104 127 146 10 0
101 111 110 157 17 107 107 50 157 12 120 102 47 147 16 0
108 107 130 158 15 118 107 54 158 12 105 113 125 148 14 0
119 114 47 159 18 116 120 87 159 14 106 108 76 149 11 0
115 113 55 160 17 108 115 66 160 15 100 120 112 150 13 0
118 119 51 161 13 102 111 106 161 12 101 102 56 151 10 0
120 119 89 162 11 114 118 51 162 16 115 116 61 152 12 0
106 111 84 163 13 116 104 80 163 12 103 119 77 153 16 0
113 104 94 164 20 108 103 46 164 17 113 103 64 154 16 0
103 109 117 165 15 107 108 84 165 13 108 106 94 155 15 0
120 103 60 166 12 119 117 119 166 14 103 118 58 156 12 0
107 120 124 167 13 108 106 90 167 14 101 119 80 157 14 0
104 105 63 168 11 118 112 130 168 11 113 102 106 158 11 0
111 102 107 169 18 117 100 72 169 12 115 102 127 159 19 0
112 116 58 170 10 114 114 97 170 11 107 115 56 160 12 0
119 102 73 171 17 112 117 125 171 17 120 120 69 161 20 0
118 105 123 172 16 115 110 103 172 15 103 109 77 162 16 0
106 116 110 173 20 116 117 111 173 13 108 100 118 163 15 0
118 106 130 174 14 114 117 84 174 15 106 107 66 164 11 0
105 120 85 175 14 117 100 70 175 19 115 111 101 165 20 0
109 119 56 176 15 107 115 97 176 14 104 114 81 166 13 0
107 113 105 177 15 118 104 78 177 17 113 101 108 167 17 0
115 117 115 178 19 116 108 117 178 20 103 117 88 168 18 0
112 120 90 179 11 101 105 72 179 12 108 111 90 169 16 0
117 112 82 180 19 106 115 71 180 18 108 111 78 170 19 0
103 112 65 181 14 100 110 56 181 13 112 116 106 171 12 0
116 113 92 182 12 115 118 97 182 17 117 117 118 172 11 0
120 110 120 183 18 113 117 118 183 19 105 117 104 173 11 0
102 119 93 184 13 117 110 129 184 15 117 102 63 174 15 0
111 108 99 185 10 116 115 52 185 11 116 117 72 175 15 0
120 119 47 186 12 102 104 63 186 19 119 101 126 176 12 0
112 110 107 187 19 107 100 81 187 18 108 112 102 177 14 0
114 120 51 188 15 101 118 58 188 13 109 114 86 178 13 0
120 110 65 189 18 117 113 67 189 14 115 101 106 179 16 0
101 104 59 190 13 107 104 88 190 11 105 112 93 180 14 0
103 103 113 191 14 108 100 61 191 16 103 120 127 181 11 0
112 105 54 192 11 110 100 52 192 17 102 115 71 182 15 0
106 107 111 193 15 102 116 68 193 18 106 116 98 183 15 0
115 100 130 194 14 115 115 110 194 12 108 100 94 184 14 0
106 111 120 195 18 120 103 73 195 14 103 109 91 185 13 0
114 111 74 196 16 119 104 47 196 13 102 108 115 186 20 0
107 113 120 197 18 116 110 68 197 11 115 113 87 187 15 0
116 117 64 198 11 116 118 68 198 14 117 114 108 188 14 0
113 111 73 199 13 115 117 57 199 14 100 109 123 189 19 0
116 118 79 200 16 100 117 99 200 14 103 120 78 190 19 0
111 115 110 201 17 117 113 128 201 20 110 103 104 191 14 0
107 103 57 202 14 116 116 128 202 11 100 116 115 192 17 0
108 101 69 203 15 115 109 53 203 14 110 114 79 193 13 0
116 106 78 204 11 100 118 89 204 16 107 100 114 194 12 0
113 119 101 205 18 120 102 102 205 16 100 101 58 195 15 0
116 113 128 206 15 119 108 77 206 19 114 112 100 196 16 0
105 104 102 207 13 105 120 78 207 14 106 106 97 197 12 0
116 118 79 208 17 112 103 85 208 10 100 115 108 198 16 0
111 106 62 209 15 115 114 53 209 12 109 120 93 199 15 0
107 120 54 210 19 114 109 129 210 15 114 118 100 200 19 0
118 110 100 211 14 104 105 78 211 17 102 101 75 201 10 0
106 109 74 212 15 105 111 98 212 13 103 113 53 202 10 0
108 109 126 213 15 102 105 114 213 16 105 107 80 203 15 0
118 103 60 214 14 109 115 90 214 14 111 110 90 204 15 0
102 101 72 215 19 119 103 63 215 18 116 120 107 205 13 0
106 113 108 216 17 110 110 71 216 19 104 109 126 206 15 0
110 118 129 217 16 114 100 108 217 15 120 113 123 207 19 0
112 112 89 218 19 104 108 46 218 17 115 109 106 208 14 0
117 103 51 219 19 102 114 109 219 20 118 112 67 209 14 0
116 115 110 220 15 102 116 92 220 20 100 116 120 210 18 0
110 108 80 221 15 102 115 46 221 14 100 118 51 211 15 0
108 112 88 222 19 117 116 117 222 10 111 103 76 212 12 0
117 101 102 223 19 112 115 65 223 15 106 116 99 213 14 0
110 113 99 224 19 108 114 71 224 11 111 109 106 214 11 0
110 100 81 225 16 101 114 104 225 14 118 110 84 215 11 0
111 116 53 226 12 119 119 62 226 12 106 101 122 216 15 0
104 103 99 227 18 104 119 86 227 12 107 103 106 217 18 0
118 112 67 228 11 103 107 105 228 16 107 120 62 218 19 0
116 106 75 229 16 118 103 120 229 14 118 118 93 219 19 0
101 114 130 230 15 105 108 118 230 12 111 107 70 220 12 0
101 101 128 231 16 105 108 53 231 14 118 100 102 221 20 0
115 117 52 232 13 103 106 101 232 11 106 113 109 222 11 0
105 110 108 233 20 119 105 72 233 15 117 114 113 223 14 0
115 107 57 234 11 113 114 89 234 15 112 100 46 224 17 0
108 109 50 235 12 114 107 61 235 19 110 114 59 225 10 0
112 106 62 236 12 118 116 53 236 20 105 117 49 226 20 0
113 115 91 237 10 110 115 58 237 10 101 100 51 227 18 0
108 104 57 238 18 118 120 130 238 14 120 111 100 228 14 0
102 117 114 239 12 100 106 104 239 11 120 108 130 229 14 0
106 114 111 240 12 120 115 82 240 20 119 117 128 230 10 0
107 119 105 241 19 114 118 45 241 14 104 111 98 231 19 0
107 112 101 242 15 104 102 69 242 14 104 113 86 232 12 0
112 107 123 243 18 110 110 129 243 18 109 109 93 233 11 0
120 120 59 244 10 105 120 45 244 17 112 106 98 234 16 0
119 105 121 245 12 107 112 102 245 18 118 108 122 235 16 0
104 115 108 246 19 101 107 45 246 15 107 102 82 236 16 0
100 115 79 247 12 106 112 87 247 19 102 107 89 237 11 0
109 118 126 248 17 103 114 95 248 15 104 100 78 238 18 0
107 118 69 249 13 111 101 126 249 14 108 115 130 239 12 0
117 108 124 250 17 110 111 119 250 10 106 110 61 240 16 0
104 120 55 251 13 119 119 120 251 16 113 108 95 241 18 0
119 115 128 252 14 107 105 93 252 17 114 116 127 242 20 0
112 100 82 253 14 118 108 127 253 20 111 106 91 243 12 0
116 110 121 254 20 100 105 118 254 15 101 117 128 244 18 0
118 106 65 255 20 107 119 108 255 14 116 114 120 245 10 0
105 113 87 256 15 105 101 51 256 10 115 112 128 246 16 0
119 104 54 257 20 119 105 76 257 12 117 101 87 247 17 0
108 116 97 258 18 110 116 104 258 11 120 107 52 248 12 0
113 102 94 259 20 114 111 104 259 17 117 107 94 249 19 0
100 103 92 260 12 104 119 107 260 19 119 109 61 250 16 0
115 114 75 261 11 109 114 55 261 19 120 112 102 251 10 0
106 116 92 262 17 109 110 121 262 11 109 111 94 252 12 0
115 108 69 263 16 102 114 65 263 18 107 100 123 253 13 0
100 120 79 264 11 101 108 127 264 11 107 106 100 254 14 0
101 111 56 265 11 106 112 102 265 19 119 108 116 255 10 0
110 110 70 266 18 109 113 112 266 14 107 100 72 256 15 0
112 102 49 267 11 105 108 129 267 14 118 107 102 257 15 0
112 117 110 268 16 100 108 55 268 19 104 102 47 258 12 0
119 106 71 269 14 101 110 66 269 18 104 101 125 259 20 0
106 105 118 270 15 103 101 52 270 12 104 108 53 260 10 0
119 109 81 271 15 108 104 87 271 13 111 101 112 261 18 0
108 110 108 272 20 114 118 61 272 15 114 105 86 262 20 0
101 120 106 273 10 102 114 75 273 16 114 110 49 263 17 0
115 115 89 274 17 120 116 98 274 14 107 100 108 264 16 0
105 107 120 275 14 119 101 59 275 20 102 106 56 265 10 0
101 110 60 276 11 118 103 105 276 17 113 108 128 266 11 0
107 113 115 277 18 100 108 91 277 10 100 107 73 267 16 0
118 118 82 278 12 112 120 111 278 19 111 118 117 268 11 0
100 111 107 279 20 117 105 97 279 19 103 113 57 269 18 0
115 119 52 280 10 112 116 117 280 18 106 105 81 270 17 0
118 117 71 281 17 115 116 102 281 18 116 112 56 271 11 0
110 104 70 282 10 105 106 47 282 10 115 116 100 272 13 0
108 101 94 283 12 107 109 74 283 13 117 117 51 273 17 0
115 118 51 284 14 116 100 51 284 13 107 110 85 274 19 0
106 115 89 285 14 108 101 121 285 20 102 118 65 275 16 0
104 100 55 286 12 115 119 94 286 20 112 101 57 276 13 0
109 109 74 287 10 120 117 66 287 11 100 111 52 277 11 0
118 113 102 288 19 112 109 58 288 17 120 116 76 278 12 0
120 118 64 289 19 110 107 101 289 20 100 119 129 279 12 0
116 119 47 290 10 108 115 51 290 19 107 111 76 280 20 0
100 105 119 291 16 100 117 97 291 12 109 103 110 281 12 0
105 117 74 292 17 120 119 118 292 15 113 118 82 282 17 0
107 103 66 293 10 110 101 108 293 20 116 107 82 283 10 0
101 103 117 294 20 102 106 84 294 15 112 106 83 284 13 0
110 108 116 295 16 102 100 63 295 18 117 119 116 285 12 0
109 110 57 296 19 109 118 117 296 12 104 106 114 286 16 0
115 102 114 297 13 117 105 89 297 13 110 110 121 287 11 0
118 105 112 298 20 106 113 99 298 10 102 117 116 288 13 0
104 113 52 299 20 117 119 78 299 16 100 106 51 289 16 0
114 103 113 300 19 117 111 67 300 12 111 109 84 290 10 0
107 115 106 301 14 110 107 107 301 20 107 120 92 291 20 0
111 102 104 302 11 102 109 56 302 18 104 115 96 292 10 0
101 118 49 303 19 109 102 120 303 14 102 100 82 293 19 0
112 119 57 304 14 115 102 68 304 16 114 119 107 294 16 0
106 110 76 305 19 104 110 79 305 14 116 107 66 295 18 0
113 104 58 306 18 106 103 56 306 10 104 100 81 296 11 0
111 105 72 307 14 103 114 88 307 18 103 116 95 297 14 0
120 105 112 308 18 102 111 96 308 20 119 113 76 298 20 0
111 115 61 309 12 106 106 117 309 11 115 119 101 299 17 0
118 116 62 310 15 111 108 103 310 15 108 114 47 300 20 0
104 102 117 311 12 105 104 112 311 20 109 117 111 301 20 0
101 114 112 312 10 117 103 114 312 19 110 105 65 302 13 0
120 117 91 313 10 104 113 113 313 18 113 107 119 303 12 0
109 118 48 314 19 106 112 119 314 12 107 118 112 304 13 0
103 113 50 315 14 115 114 98 315 19 117 110 121 305 20 0
116 102 74 316 11 104 115 125 316 15 112 120 111 306 16 0
116 103 46 317 18 100 105 69 317 18 119 111 70 307 14 0
103 104 62 318 10 103 118 86 318 13 108 103 86 308 11 0
108 116 56 319 10 118 113 108 319 12 111 112 88 309 11 0
112 120 117 320 10 101 103 63 320 18 116 110 72 310 15 0
103 111 96 321 16 105 103 84 321 16 108 102 57 311 20 0
112 104 104 322 14 106 117 65 322 14 103 108 119 312 14 0
116 106 46 323 20 113 114 81 323 15 119 100 130 313 20 0
111 104 101 324 18 101 111 121 324 20 111 118 105 314 20 0
107 110 125 325 10 106 109 121 325 14 101 114 112 315 10 0
117 101 103 326 12 101 120 96 326 17 118 114 48 316 20 0
107 113 127 327 12 111 116 83 327 14 104 117 50 317 15 0
118 111 93 328 16 112 110 58 328 14 114 102 93 318 11 0
120 108 106 329 15 106 101 62 329 20 110 102 108 319 11 0
110 116 69 330 20 119 105 50 330 14 113 117 84 320 20 0
111 111 97 331 17 107 113 90 331 19 115 117 130 321 10 0
110 106 129 332 16 118 116 47 332 12 113 118 117 322 14 0
113 110 78 333 12 110 111 47 333 13 115 120 129 323 19 0
109 108 127 334 18 118 110 65 334 12 120 103 98 324 13 0
114 109 127 335 16 116 109 47 335 11 106 111 114 325 10 0
108 118 92 336 13 119 116 109 336 17 106 111 98 326 11 0
105 107 125 337 14 113 120 124 337 13 115 113 115 327 20 0
112 120 102 338 14 113 108 79 338 17 110 120 83 328 12 0
103 105 68 339 10 120 120 64 339 11 100 101 84 329 12 0
120 112 72 340 14 102 119 52 340 13 107 115 88 330 14 0
103 119 47 341 18 120 112 61 341 12 113 102 68 331 18 0
112 103 121 342 15 104 115 124 342 19 113 100 127 332 16 0
64 79 34 53 100 64 80 18 53 68 61 68 25 53 66 1
68 80 38 54 53 75 80 35 54 83 75 79 36 54 98 1
71 64 42 55 74 63 68 38 55 60 78 60 11 55 73 1
73 77 43 56 63 69 72 13 56 89 74 75 33 56 67 1
76 72 18 57 71 75 66 45 57 69 65 79 33 57 71 1
73 65 25 58 98 71 68 43 58 66 75 71 26 58 76 1
76 75 14 59 74 72 71 22 59 93 61 77 36 59 61 1
74 61 23 60 95 68 73 17 60 68 79 67 23 60 85 1
61 75 15 61 87 80 80 19 61 84 66 68 43 61 88 1
63 60 39 62 82 76 62 33 62 51 73 61 25 62 96 1
67 70 45 63 61 76 62 41 63 64 74 80 17 63 82 1
80 60 38 64 66 79 61 17 64 68 70 77 42 64 64 1
62 77 18 65 98 77 70 30 65 61 60 75 36 65 92 1
71 66 27 66 70 66 70 16 66 69 62 74 35 66 64 1
76 79 16 67 94 64 75 26 67 53 77 64 23 67 62 1
79 75 39 68 50 71 76 35 68 82 69 77 29 68 93 1
61 70 27 69 96 71 73 30 69 80 78 78 30 69 64 1
63 80 15 70 51 60 68 24 70 78 71 63 39 70 86 1
73 62 35 71 77 67 68 13 71 95 70 68 28 71 83 1
77 61 10 72 50 67 80 12 72 62 73 74 37 72 82 1
62 62 43 73 56 74 71 31 73 81 60 79 30 73 71 1
67 71 11 74 55 63 63 13 74 73 62 73 33 74 61 1
71 61 30 75 51 79 68 40 75 99 79 78 13 75 99 1
76 68 20 76 63 70 67 21 76 78 61 78 26 76 70 1
73 78 32 77 51 72 78 25 77 82 74 77 39 77 90 1
77 75 37 78 70 69 65 19 78 80 75 75 18 78 61 1
80 67 41 79 51 71 68 11 79 92 61 62 42 79 59 1
69 80 15 80 81 65 70 27 80 91 71 66 41 80 77 1
76 73 44 81 78 76 60 38 81 56 67 76 11 81 98 1
79 77 21 82 89 80 61 29 82 71 67 62 19 82 61 1
79 67 24 83 72 75 77 45 83 69 70 69 27 83 91 1
74 70 33 84 77 78 80 33 84 60 61 70 33 84 61 1
79 78 38 85 57 80 64 15 85 99 70 65 28 85 85 1
74 64 20 86 83 73 65 35 86 92 61 74 22 86 92 1
65 67 15 87 75 68 79 45 87 52 79 66 40 87 61 1
68 70 28 88 50 60 73 13 88 78 79 62 42 88 81 1
70 62 16 89 77 60 72 39 89 69 62 79 36 89 55 1
73 65 13 90 65 67 69 20 90 80 79 62 17 90 89 1
64 75 15 91 50 60 75 23 91 63 60 76 25 91 58 1
79 71 28 92 69 64 66 36 92 53 73 65 24 92 64 1
62 71 42 93 67 62 63 41 93 73 63 80 13 93 93 1
62 69 25 94 63 66 62 10 94 87 76 74 22 94 71 1
79 61 13 95 50 61 67 32 95 62 70 71 34 95 67 1
64 61 34 96 84 71 67 29 96 92 79 71 21 96 52 1
69 65 29 97 98 70 77 19 97 76 77 66 17 97 80 1
62 63 16 98 91 69 77 14 98 87 60 69 38 98 98 1
70 74 31 99 59 73 71 14 99 50 66 75 11 99 53 1
68 73 42 100 78 60 73 30 100 96 66 62 27 100 96 1
79 60 35 101 97 60 72 39 101 79 63 73 26 101 54 1
71 68 29 102 54 63 77 25 102 76 64 71 39 102 71 1
66 73 35 103 79 74 72 14 103 62 76 73 19 103 81 1
77 61 36 104 88 71 60 22 104 100 62 78 42 104 88 1
76 71 22 105 56 74 60 34 105 98 77 60 27 105 76 1
64 77 16 106 74 78 78 17 106 73 80 73 12 106 70 1
78 67 31 107 68 79 63 33 107 99 61 63 41 107 98 1
64 72 21 108 85 70 78 36 108 52 66 61 26 108 81 1
77 63 24 109 79 61 63 29 109 60 61 75 32 109 71 1
71 69 30 110 87 77 76 15 110 60 61 77 25 110 69 1
67 78 18 111 60 68 73 21 111 91 60 78 20 111 50 1
67 68 19 112 84 75 79 29 112 60 63 68 24 112 71 1
71 72 12 113 88 67 74 13 113 81 72 78 26 113 84 1
72 74 41 114 65 79 74 28 114 68 73 66 44 114 83 1
72 75 27 115 77 75 80 21 115 80 73 61 20 115 55 1
70 76 43 116 73 78 76 42 116 57 72 79 16 116 79 1
65 76 17 117 53 74 75 27 117 72 74 61 23 117 60 1
63 72 21 118 83 75 61 21 118 99 60 66 11 118 75 1
63 68 34 119 67 72 79 14 119 85 60 77 36 119 62 1
69 71 15 120 89 75 76 44 120 100 69 70 45 120 86 1
60 75 44 121 80 61 63 35 121 88 79 61 36 121 56 1
65 72 40 122 53 75 73 27 122 64 74 62 11 122 96 1
77 73 16 123 65 75 75 25 123 88 60 65 25 123 54 1
67 62 13 124 61 76 60 31 124 67 68 78 29 124 65 1
62 60 10 125 87 63 63 37 125 65 68 76 36 125 83 1
78 77 40 126 65 62 63 38 126 66 65 63 20 126 89 1
79 67 25 127 54 77 60 29 127 65 63 78 22 127 56 1
74 80 24 128 64 78 61 20 128 75 76 69 24 128 64 1
79 65 12 129 95 61 72 31 129 61 70 75 45 129 96 1
61 80 32 130 54 66 71 10 130 99 66 77 10 130 52 1
80 71 24 131 74 68 75 44 131 100 62 73 38 131 51 1
72 62 35 132 70 66 80 25 132 75 80 61 25 132 71 1
71 68 27 133 81 76 65 19 133 86 72 77 14 133 100 1
61 76 20 134 74 66 78 14 134 90 71 68 22 134 54 1
72 67 17 135 55 72 67 13 135 78 75 75 15 135 83 1
66 67 31 136 96 60 69 37 136 85 69 72 38 136 82 1
68 78 37 137 69 61 70 16 137 65 68 69 12 137 75 1
75 76 14 138 70 68 65 28 138 78 60 65 40 138 59 1
65 79 34 139 89 75 79 10 139 79 78 71 12 139 85 1
68 62 33 140 80 76 80 14 140 63 78 65 27 140 82 1
61 73 20 141 61 68 65 43 141 91 66 63 37 141 51 1
72 69 31 142 70 61 69 16 142 83 79 74 45 142 94 1
80 75 35 143 89 64 75 43 143 71 73 63 11 143 73 1
79 80 38 144 96 71 60 25 144 52 76 60 17 144 75 1
64 69 26 145 84 74 63 35 145 92 79 61 39 145 53 1
74 60 17 146 93 69 68 43 146 71 61 79 28 146 58 1
63 68 13 147 56 73 77 26 147 64 74 77 43 147 51 1
61 77 38 148 76 67 74 25 148 85 66 76 10 148 65 1
79 61 43 149 98 72 65 12 149 98 78 62 39 149 75 1
69 72 10 150 55 60 76 22 150 73 74 60 31 150 75 1
60 80 33 151 100 79 70 23 151 90 75 77 24 151 77 1
78 63 11 152 83 60 60 19 152 80 79 64 30 152 52 1
71 75 31 153 55 78 70 16 153 88 79 67 38 153 64 1
64 68 38 154 86 65 72 41 154 84 64 70 21 154 69 1
66 62 22 155 81 72 66 38 155 72 68 64 33 155 61 1
79 67 16 156 60 77 72 10 156 70 80 69 41 156 54 1
65 79 45 157 57 65 64 40 157 50 60 60 14 157 88 1
69 67 27 158 78 80 64 27 158 78 69 72 33 158 87 1
69 64 34 159 93 65 71 38 159 62 75 71 45 159 67 1
68 65 38 160 92 73 74 13 160 78 60 71 44 160 67 1
80 79 21 161 59 74 67 28 161 77 70 61 23 161 93 1
71 63 31 162 89 71 66 24 162 63 75 80 41 162 71 1
72 65 27 163 89 62 78 39 163 91 73 71 11 163 56 1
64 65 38 164 79 75 61 17 164 57 79 72 12 164 76 1
66 68 29 165 63 77 79 30 165 92 79 78 42 165 50 1
74 63 28 166 53 63 64 13 166 80 66 62 14 166 71 1
68 70 15 167 96 79 78 10 167 65 73 62 43 167 90 1
74 60 28 168 85 76 74 39 168 86 64 74 14 168 63 1
63 79 26 169 70 79 65 36 169 82 64 69 23 169 54 1
62 66 12 170 90 74 71 30 170 70 71 61 36 170 50 1
65 74 14 171 91 75 75 22 171 54 64 72 19 171 55 1
74 78 27 172 81 62 69 32 172 65 60 65 27 172 85 1
60 77 17 173 67 68 68 23 173 85 69 63 24 173 55 1
80 69 45 174 50 74 62 18 174 70 65 66 40 174 99 1
77 79 29 175 94 62 63 32 175 63 68 80 44 175 68 1
67 67 22 176 76 68 80 23 176 100 66 76 38 176 83 1
78 69 13 177 54 63 68 40 177 70 77 61 17 177 57 1
69 60 34 178 73 71 63 33 178 68 80 72 19 178 91 1
72 73 20 179 94 64 67 22 179 85 67 65 15 179 53 1
64 65 32 180 83 65 75 42 180 59 60 71 29 180 76 1
75 63 23 181 58 64 65 14 181 90 61 80 24 181 71 1
73 67 45 182 65 77 75 38 182 61 79 62 22 182 79 1
71 80 44 183 83 79 75 39 183 59 72 66 33 183 82 1
80 75 29 184 96 72 76 44 184 64 79 63 34 184 52 1
65 66 44 185 61 64 74 11 185 81 74 75 21 185 79 1
61 66 27 186 57 71 63 15 186 52 74 69 25 186 100 1
76 72 10 187 78 64 69 33 187 84 74 65 22 187 86 1
68 78 24 188 54 60 62 24 188 84 76 70 16 188 87 1
77 67 29 189 56 60 75 41 189 93 64 80 22 189 78 1
79 77 45 190 71 75 78 38 190 74 71 62 45 190 65 1
71 79 21 191 70 76 70 40 191 81 65 64 25 191 92 1
80 68 33 192 100 65 60 32 192 52 67 61 36 192 57 1
77 61 13 193 85 78 61 39 193 94 74 61 31 193 81 1
78 77 12 194 68 70 68 18 194 90 67 61 15 194 89 1
76 69 44 195 82 78 67 31 195 79 61 71 36 195 77 1
75 76 28 196 88 78 62 25 196 79 78 77 20 196 86 1
67 72 22 197 83 71 71 12 197 90 64 70 15 197 60 1
70 80 36 198 78 62 80 38 198 88 72 69 38 198 92 1
72 66 41 199 71 75 72 41 199 82 69 62 32 199 59 1
69 61 39 200 88 62 61 42 200 62 71 73 26 200 85 1
60 71 26 201 93 79 71 10 201 50 73 78 38 201 56 1
72 66 40 202 74 60 70 34 202 63 69 75 18 202 71 1
64 75 41 203 68 70 62 40 203 93 63 78 43 203 52 1
79 62 39 204 94 60 80 12 204 70 78 77 18 204 56 1
60 71 15 205 86 69 75 12 205 98 60 68 39 205 75 1
63 69 29 206 51 74 71 24 206 84 62 64 29 206 83 1
63 68 31 207 55 64 76 23 207 72 64 80 34 207 100 1
66 68 31 208 67 78 73 45 208 72 79 62 30 208 82 1
71 63 19 209 58 70 69 14 209 82 73 71 44 209 86 1
61 68 22 210 95 69 73 11 210 77 70 71 13 210 95 1
80 67 29 211 64 66 66 41 211 70 77 68 11 211 64 1
67 80 36 212 51 78 80 25 212 53 76 72 30 212 59 1
64 70 36 213 100 74 72 21 213 97 73 73 16 213 93 1
60 69 17 214 51 68 61 14 214 67 72 70 29 214 59 1
70 79 22 215 97 67 67 23 215 79 60 67 25 215 67 1
77 75 34 216 64 67 75 44 216 51 76 63 23 216 51 1
69 65 26 217 95 70 73 16 217 77 60 63 40 217 69 1
70 76 39 218 65 71 67 34 218 68 80 71 43 218 68 1
79 71 29 219 78 63 70 17 219 50 64 80 45 219 93 1
73 66 32 220 83 80 68 38 220 96 71 78 15 220 76 1
61 76 44 221 83 76 68 18 221 60 66 70 24 221 54 1
73 61 38 222 82 72 60 37 222 54 74 70 11 222 78 1
78 73 31 223 60 60 62 10 223 50 80 61 40 223 60 1
64 70 44 224 74 75 62 39 224 59 65 62 30 224 94 1
75 61 19 225 77 70 78 13 225 91 65 64 28 225 89 1
69 63 17 226 88 75 77 45 226 87 76 61 10 226 53 1
62 64 33 227 98 73 68 26 227 84 76 75 23 227 88 1
72 68 24 228 91 65 71 34 228 72 69 75 31 228 52 1
63 63 39 229 96 69 69 37 229 67 65 61 34 229 92 1
61 69 33 230 76 76 69 33 230 88 79 75 21 230 84 1
70 74 39 231 85 79 74 22 231 62 63 64 42 231 87 1
76 63 16 232 85 69 62 36 232 90 80 71 29 232 70 1
78 60 14 233 94 78 62 17 233 82 60 79 43 233 94 1
67 66 33 234 62 67 75 14 234 84 78 62 20 234 66 1
71 76 37 235 56 75 75 35 235 87 70 67 34 235 67 1
65 65 44 236 59 76 61 39 236 89 68 72 22 236 75 1
71 79 22 237 86 60 80 39 237 72 75 71 43 237 78 1
67 70 27 238 93 66 69 34 238 79 63 77 30 238 62 1
64 71 17 239 69 71 60 34 239 79 64 75 16 239 66 1
67 65 12 240 96 61 71 18 240 81 72 70 25 240 54 1
77 60 30 241 67 78 76 43 241 57 65 62 17 241 76 1
60 64 36 242 73 76 65 41 242 62 65 78 34 242 78 1
78 72 16 243 68 61 78 13 243 76 74 79 14 243 60 1
72 79 15 244 68 76 80 24 244 80 71 64 39 244 62 1
77 70 41 245 76 74 64 31 245 73 78 61 24 245 77 1
61 70 17 246 66 66 75 38 246 87 72 67 21 246 79 1
64 66 27 247 58 66 72 24 247 74 72 73 34 247 61 1
73 79 19 248 58 66 75 25 248 82 77 62 10 248 56 1
63 66 21 249 76 62 75 44 249 61 60 69 15 249 71 1
79 74 34 250 82 63 75 36 250 86 76 67 44 250 61 1
66 68 15 251 93 64 61 35 251 68 73 64 32 251 71 1
64 64 14 252 67 64 67 14 252 52 61 76 31 252 81 1
71 76 43 253 55 76 68 14 253 85 61 65 19 253 79 1
74 78 24 254 72 68 61 19 254 88 68 76 43 254 64 1
68 62 42 255 92 77 65 43 255 72 61 75 33 255 72 1
75 60 25 256 64 78 70 14 256 90 74 80 28 256 76 1
72 62 33 257 63 80 66 21 257 89 79 78 10 257 94 1
78 61 11 258 86 61 75 23 258 94 61 70 45 258 61 1
62 79 34 259 57 72 70 21 259 85 69 67 38 259 98 1
70 65 13 260 56 61 76 26 260 92 72 68 32 260 74 1
67 61 17 261 73 73 65 13 261 56 69 74 26 261 85 1
73 69 24 262 72 78 62 16 262 79 77 64 44 262 61 1
62 71 25 263 74 79 74 30 263 83 67 70 10 263 92 1
66 80 37 264 61 60 69 31 264 87 73 70 41 264 65 1
68 67 21 265 62 72 75 38 265 50 74 77 44 265 95 1
61 74 44 266 69 74 75 11 266 62 77 64 15 266 89 1
62 71 30 267 79 62 77 16 267 84 69 66 27 267 57 1
70 66 38 268 62 72 70 34 268 53 74 71 44 268 72 1
73 80 27 269 69 71 80 39 269 58 63 72 28 269 53 1
79 73 23 270 61 61 63 40 270 96 62 76 43 270 96 1
65 63 11 271 65 80 64 10 271 61 79 60 35 271 90 1
63 65 45 272 66 70 72 13 272 91 74 74 32 272 67 1
61 76 18 273 67 77 62 20 273 82 78 68 25 273 94 1
80 72 30 274 96 71 66 16 274 93 66 62 44 274 83 1
61 69 22 275 65 69 68 14 275 50 61 62 41 275 94 1
63 63 31 276 85 77 72 30 276 77 80 76 34 276 64 1
65 63 22 277 78 68 64 19 277 88 72 73 30 277 69 1
78 62 38 278 82 67 78 14 278 71 77 65 23 278 93 1
73 78 17 279 68 66 74 32 279 97 65 62 25 279 68 1
60 75 38 280 56 77 63 16 280 93 72 70 15 280 67 1
64 67 43 281 72 68 69 18 281 76 61 70 42 281 88 1
61 61 15 282 64 61 79 42 282 78 73 62 20 282 55 1
78 78 17 283 51 68 77 31 283 61 72 62 41 283 80 1
77 72 40 284 92 64 60 16 284 52 61 79 14 284 77 1
61 63 43 285 65 67 66 11 285 100 66 74 42 285 55 1
80 66 41 286 68 68 78 21 286 78 72 67 35 286 57 1
60 69 16 287 58 60 78 36 287 91 60 72 21 287 95 1
62 70 35 288 95 79 63 36 288 99 76 77 22 288 91 1
78 66 19 289 95 67 74 12 289 65 66 62 26 289 98 1
73 72 16 290 72 76 78 18 290 90 67 73 22 290 56 1
65 78 27 291 94 74 72 11 291 72 69 75 39 291 87 1
71 70 31 292 74 67 64 20 292 76 65 78 37 292 71 1
70 63 14 293 57 79 73 32 293 81 76 64 12 293 52 1
73 65 28 294 64 77 75 40 294 90 69 80 34 294 62 1
66 78 26 295 85 65 74 10 295 96 67 71 29 295 78 1
68 71 28 296 62 60 69 20 296 83 70 65 14 296 71 1
62 66 23 297 76 63 60 32 297 99 76 65 43 297 64 1
63 69 18 298 96 69 79 39 298 53 72 65 43 298 85 1
62 60 13 299 99 60 73 13 299 95 72 69 27 299 50 1
71 66 25 300 76 72 69 18 300 60 65 69 31 300 80 1
80 80 42 301 76 76 68 42 301 75 76 63 27 301 85 1
65 67 11 302 61 78 68 18 302 99 63 65 26 302 96 1
77 72 26 303 55 78 69 11 303 70 80 71 42 303 82 1
66 62 20 304 78 69 66 16 304 58 74 66 24 304 86 1
78 69 39 305 62 66 67 41 305 86 77 74 16 305 57 1
71 79 30 306 67 74 60 13 306 96 73 74 14 306 63 1
63 77 26 307 98 72 69 28 307 72 62 73 28 307 55 1
79 73 44 308 66 70 60 24 308 81 71 77 11 308 81 1
68 71 39 309 96 79 60 36 309 50 72 60 34 309 70 1
65 78 22 310 86 65 65 42 310 86 75 76 11 310 74 1
66 78 37 311 83 70 69 29 311 92 73 63 45 311 72 1
80 70 44 312 85 74 76 41 312 63 79 66 40 312 85 1
77 73 22 313 87 76 72 38 313 83 66 63 38 313 54 1
74 78 21 314 76 67 64 42 314 65 67 67 30 314 86 1
63 66 22 315 94 74 63 36 315 100 66 64 34 315 75 1
69 79 14 316 58 80 72 26 316 89 60 80 11 316 84 1
75 69 20 317 62 65 66 35 317 51 60 76 29 317 57 1
67 66 17 318 81 61 77 14 318 74 76 71 33 318 65 1
64 65 24 319 88 60 72 16 319 73 63 72 34 319 86 1
62 70 39 320 91 76 72 25 320 94 73 63 38 320 76 1
69 73 39 321 92 79 64 29 321 75 77 61 37 321 52 1
69 67 13 322 69 61 70 44 322 87 74 71 38 322 84 1
72 67 21 323 86 73 72 25 323 51 61 68 18 323 50 1
79 72 37 324 85 69 65 41 324 68 79 67 16 324 73 1
69 76 27 325 92 64 62 32 325 89 78 66 20 325 92 1
68 79 19 326 56 62 71 37 326 65 62 66 18 326 99 1
75 72 10 327 52 79 71 12 327 58 70 72 29 327 74 1
79 80 24 328 86 78 65 25 328 58 73 62 25 328 95 1
65 73 40 329 98 75 61 40 329 95 68 71 27 329 54 1
66 61 43 330 87 65 74 35 330 87 73 80 30 330 60 1
74 66 25 331 84 65 80 41 331 61 63 62 30 331 91 1
70 63 39 332 92 66 64 39 332 80 73 75 22 332 90 1
80 60 34 333 64 80 74 11 333 52 75 78 16 333 84 1
65 72 29 334 70 77 74 22 334 93 71 60 25 334 93 1
75 76 18 335 95 76 76 41 335 62 73 74 32 335 86 1
62 69 37 336 68 61 66 15 336 86 65 67 20 336 100 1
80 76 43 337 57 65 73 24 337 93 77 60 30 337 92 1
80 70 27 338 65 71 67 12 338 62 77 77 29 338 86 1
77 69 45 339 93 67 64 10 339 80 76 68 28 339 72 1
78 72 18 340 98 74 65 38 340 79 63 64 17 340 54 1
66 61 25 341 84 67 75 10 341 82 73 79 24 341 80 1
66 73 19 342 69 66 70 18 342 68 61 64 12 342 62 1
79 69 17 343 63 64 67 34 343 79 63 77 13 343 51 1
62 67 10 344 87 65 75 33 344 96 75 70 28 344 54 1
63 74 27 345 69 69 67 29 345 91 73 61 39 345 88 1
68 80 33 346 71 77 73 25 346 77 75 65 16 346 70 1
60 66 39 347 62 67 76 23 347 54 73 67 29 347 83 1
75 61 26 348 86 70 70 33 348 57 64 64 31 348 98 1
74 68 11 349 83 63 69 17 349 97 60 80 25 349 62 1
69 80 39 350 51 71 79 38 350 84 69 80 30 350 82 1
69 70 26 351 82 76 66 22 351 60 63 60 21 351 100 1
62 71 44 352 92 65 77 39 352 85 73 68 31 352 91 1
